  0.0000  2911.5523   5.0637 
  1.9000  2955.2788   5.0641 
  2.9000  2967.8219   5.0647 
  3.9000  3017.9427   5.0654 
  4.9000  3050.7925   5.0663 
  5.9000  3027.8248   5.0674 
  6.9000  3041.4465   5.0687 
  7.9000  3074.3415   5.0701 
  8.9000  3074.3028   5.0717 
  9.9000  3110.6339   5.0734 
 10.9000  3129.0093   5.0752 
 11.8000  3156.7631   5.0770 
 12.8000  3162.6923   5.0790 
 13.8000  3146.2158   5.0812 
 14.8000  3176.6435   5.0835 
 15.8000  3186.7968   5.0859 
 16.8000  3222.5078   5.0883 
 17.8000  3212.2318   5.0908 
 18.8000  3209.7451   5.0934 
 19.8000  3241.1740   5.0961 
 20.8000  3253.9108   5.0988 
 21.8000  3237.8993   5.1016 
 22.8000  3265.4205   5.1044 
 23.8000  3279.0358   5.1073 
 24.8000  3279.0035   5.1102 
 25.8000  3247.9299   5.1131 
 26.8000  3278.0928   5.1161 
 27.8000  3296.2358   5.1191 
 28.8000  3301.5902   5.1221 
 29.8000  3326.3018   5.1251 
 30.7000  3336.4810   5.1278 
 31.7000  3307.2288   5.1309 
 32.7000  3310.8457   5.1339 
 33.7000  3309.4312   5.1370 
 34.7000  3317.6921   5.1401 
 35.7000  3313.7651   5.1431 
 36.7000  3325.6301   5.1462 
 37.7000  3314.4046   5.1492 
 38.7000  3339.8525   5.1523 
 39.7000  3331.1653   5.1553 
 40.7000  3328.3299   5.1583 
 41.7000  3381.0665   5.1613 
 42.7000  3349.1726   5.1643 
 43.7000  3344.7095   5.1673 
 44.7000  3362.2712   5.1702 
 45.7000  3363.6211   5.1732 
 46.7000  3360.5854   5.1761 
 47.7000  3364.5447   5.1790 
 48.7000  3378.9286   5.1819 
 49.7000  3399.8876   5.1847 
 50.7000  3389.2563   5.1875 
 51.7000  3378.7284   5.1904 
 52.7000  3358.2150   5.1931 
 53.7000  3392.7764   5.1959 
 54.7000  3378.1342   5.1986 
 55.7000  3390.8969   5.2014 
 56.7000  3402.3032   5.2041 
 57.7000  3402.9556   5.2067 
 58.6000  3382.4487   5.2091 
 59.7000  3383.4692   5.2120 
 60.6000  3363.3111   5.2144 
 61.6000  3363.1044   5.2170 
 62.6000  3373.4450   5.2195 
 63.6000  3377.2687   5.2221 
 64.6000  3394.1328   5.2246 
 65.6000  3405.3001   5.2271 
 66.6000  3388.7784   5.2296 
 67.6000  3405.6102   5.2321 
 68.6000  3389.2369   5.2346 
 69.6000  3385.1033   5.2371 
 70.6000  3401.3796   5.2395 
 71.6000  3409.9828   5.2419 
 72.6000  3424.2957   5.2444 
 73.6000  3393.9584   5.2468 
 74.6000  3405.1645   5.2492 
 75.6000  3383.8567   5.2516 
 76.6000  3416.1898   5.2540 
 77.6000  3395.9606   5.2564 
 78.6000  3418.8121   5.2588 
 79.6000  3396.7357   5.2612 
 80.6000  3410.6739   5.2635 
 81.6000  3382.7523   5.2659 
 82.6000  3390.6062   5.2683 
 83.6000  3387.9129   5.2708 
 84.6000  3410.9581   5.2732 
 85.6000  3411.0744   5.2756 
 86.6000  3387.6868   5.2781 
 87.6000  3409.1044   5.2805 
 88.6000  3415.8604   5.2830 
 89.6000  3433.8483   5.2855 
 90.6000  3422.4743   5.2880 
 91.6000  3419.0640   5.2906 
 92.6000  3423.8565   5.2931 
 93.6000  3421.6282   5.2957 
 94.6000  3419.8843   5.2983 
 95.6000  3400.9469   5.3010 
 96.6000  3409.9570   5.3037 
 97.6000  3411.8882   5.3064 
 98.6000  3412.7924   5.3092 
 99.6000  3423.1395   5.3120 
100.6000  3418.1856   5.3148 
101.6000  3413.9227   5.3177 
102.6000  3417.0617   5.3207 
103.6000  3417.4234   5.3237 
104.6000  3410.4866   5.3267 
105.6000  3418.3729   5.3299 
106.6000  3410.6158   5.3330 
107.6000  3416.4611   5.3363 
108.6000  3416.6161   5.3396 
109.6000  3430.7804   5.3429 
110.6000  3414.5105   5.3464 
111.6000  3421.2600   5.3499 
112.6000  3420.2330   5.3535 
113.6000  3420.8983   5.3572 
114.6000  3434.0227   5.3610 
115.6000  3440.2878   5.3648 
116.6000  3442.1544   5.3688 
117.6000  3429.4305   5.3728 
118.6000  3448.6262   5.3770 
119.6000  3442.1092   5.3812 
120.6000  3437.2069   5.3856 
121.6000  3442.0963   5.3901 
122.6000  3437.5105   5.3946 
123.6000  3420.0134   5.3993 
124.6000  3439.6871   5.4042 
125.6000  3426.8405   5.4091 
126.6000  3431.0193   5.4142 
127.6000  3456.2800   5.4194 
128.6000  3433.7256   5.4248 
129.6000  3442.6065   5.4303 
130.6000  3425.0772   5.4359 
131.6000  3446.3979   5.4416 
132.6000  3453.6254   5.4475 
133.6000  3451.4939   5.4535 
134.6000  3438.7312   5.4597 
135.6000  3436.1089   5.4660 
136.6000  3426.1494   5.4724 
137.6000  3420.7045   5.4790 
138.6000  3427.6478   5.4857 
139.6000  3447.3473   5.4926 
140.6000  3455.4145   5.4995 
141.6000  3428.5004   5.5067 
142.6000  3426.0525   5.5140 
143.6000  3398.7250   5.5214 
144.6000  3433.8806   5.5289 
145.6000  3427.5961   5.5366 
146.6000  3435.3339   5.5445 
147.6000  3426.4981   5.5525 
148.6000  3433.1378   5.5606 
149.6000  3442.4386   5.5689 
150.6000  3456.3058   5.5773 
151.6000  3459.6192   5.5858 
152.6000  3449.8986   5.5945 
153.6000  3470.2117   5.6034 
154.6000  3481.3145   5.6124 
155.6000  3471.2258   5.6215 
156.6000  3469.0168   5.6308 
157.6000  3488.9941   5.6402 
158.6000  3493.4378   5.6498 
159.6000  3512.4462   5.6595 
160.6000  3511.0705   5.6694 
161.6000  3526.5718   5.6794 
162.6000  3519.8610   5.6895 
163.6000  3530.9121   5.6998 
164.6000  3542.8158   5.7103 
165.6000  3563.1160   5.7208 
166.6000  3577.9004   5.7316 
167.6000  3571.4027   5.7424 
168.6000  3600.4030   5.7534 
169.6000  3615.4263   5.7646 
170.6000  3614.5350   5.7758 
171.6000  3626.4387   5.7873 
172.6000  3626.0576   5.7988 
173.6000  3645.6280   5.8105 
174.6000  3647.9532   5.8223 
175.6000  3641.1585   5.8343 
176.6000  3668.7249   5.8464 
177.6000  3675.8942   5.8587 
178.6000  3690.1425   5.8710 
179.6000  3692.5775   5.8835 
180.6000  3707.7687   5.8962 
181.6000  3725.9310   5.9090 
182.6000  3712.9358   5.9219 
183.6000  3732.0670   5.9350 
184.6000  3741.1158   5.9482 
185.6000  3762.4042   5.9616 
186.6000  3758.8454   5.9751 
187.6000  3765.1428   5.9887 
188.6000  3788.8598   6.0025 
189.6000  3800.1628   6.0165 
190.6000  3799.2844   6.0306 
191.6000  3825.8561   6.0448 
192.6000  3809.2116   6.0593 
193.6000  3857.7564   6.0738 
194.6000  3871.4686   6.0885 
195.6000  3895.2437   6.1034 
196.6000  3894.7787   6.1185 
197.6000  3885.2389   6.1337 
198.6000  3903.8534   6.1490 
199.6000  3922.3063   6.1646 
200.6000  3917.9466   6.1803 
201.6000  3944.9511   6.1961 
202.6000  3942.1867   6.2122 
203.6000  3961.9185   6.2284 
204.6000  3980.2682   6.2447 
205.6000  3969.8500   6.2613 
206.6000  3992.2300   6.2780 
207.6000  4000.7105   6.2949 
208.6000  4015.5852   6.3120 
209.6000  4037.9587   6.3292 
210.6000  4054.6032   6.3467 
211.6000  4050.0110   6.3643 
212.6000  4066.0742   6.3821 
213.6000  4064.5563   6.4000 
214.6000  4080.0576   6.4182 
215.6000  4097.0896   6.4365 
216.6000  4101.9338   6.4551 
217.6000  4123.1253   6.4738 
218.6000  4151.6283   6.4927 
219.6000  4166.4320   6.5118 
220.6000  4178.4003   6.5311 
221.6000  4192.0220   6.5506 
222.6000  4212.3416   6.5703 
223.6000  4236.5171   6.5902 
224.6000  4231.3629   6.6103 
225.6000  4250.2164   6.6306 
226.6000  4270.5424   6.6511 
227.6000  4288.1105   6.6718 
228.6000  4313.8878   6.6928 
229.6000  4331.3591   6.7139 
230.6000  4339.1485   6.7352 
231.6000  4345.6848   6.7567 
232.6000  4380.2720   6.7784 
233.6000  4386.3434   6.8004 
234.6000  4389.6568   6.8225 
235.6000  4418.4246   6.8448 
236.6000  4434.4361   6.8674 
237.6000  4475.7082   6.8901 
238.6000  4481.0368   6.9131 
239.6000  4498.0946   6.9362 
240.6000  4512.4785   6.9596 
241.6000  4547.2337   6.9831 
242.6000  4568.7804   7.0068 
243.6000  4595.7010   7.0308 
244.6000  4614.1475   7.0549 
245.6000  4632.0708   7.0793 
246.6000  4674.0793   7.1038 
247.6000  4712.7291   7.1285 
248.6000  4726.7578   7.1534 
249.6000  4755.9066   7.1786 
250.6000  4803.7539   7.2039 
251.6000  4844.7354   7.2294 
252.6000  4871.9530   7.2551 
253.6000  4904.2990   7.2810 
254.6000  4913.3673   7.3071 
255.6000  4952.0882   7.3333 
256.6000  4981.3985   7.3598 
257.5000  5038.3269   7.3838 
258.6000  5088.0601   7.4133 
259.6000  5116.6083   7.4403 
260.6000  5182.8892   7.4675 
261.5000  5237.6087   7.4922 
262.5000  5264.5034   7.5198 
263.6000  5322.0712   7.5503 
264.6000  5347.7517   7.5782 
265.6000  5436.5417   7.6064 
266.6000  5487.4956   7.6347 
267.6000  5573.3791   7.6632 
268.6000  5613.4564   7.6918 
269.6000  5714.6603   7.7207 
270.6000  5784.5065   7.7497 
271.6000  5856.8393   7.7789 
272.6000  5947.6574   7.8082 
273.6000  6045.1798   7.8378 
274.6000  6146.2545   7.8675 
275.6000  6266.1698   7.8973 
276.6000  6394.8045   7.9274 
277.6000  6530.9444   7.9576 
278.6000  6675.4292   7.9879 
279.6000  6835.4152   8.0183 
280.6000  7001.2789   8.0486 
281.6000  7227.3391   8.0786 
282.6000  7443.1297   8.1083 
283.6000  7674.5508   8.1376 
284.6000  7959.3221   8.1663 
285.5000  8249.3896   8.1915 
286.5000  8592.2261   8.2187 
287.5000  8863.7567   8.2450 
288.5000  9147.2363   8.2702 
289.5000  9461.3954   8.2943 
290.5000  9676.2818   8.3170 
291.5000  9854.8693   8.3382 
292.5000  9960.9885   8.3575 
293.5000  10000.0000   8.3747 
294.5000  9793.1872   8.3892 
295.5000  9538.0621   8.4009 
296.5000  9111.8417   8.4093 
297.5000  8507.8734   8.4141 
298.5000  7871.6107   8.4150 
299.5000  7102.6184   8.4116 
300.5000  6263.4441   8.4036 
301.5000  5418.1404   8.3908 
302.5000  4536.6734   8.3726 
303.5000  3723.4573   8.3491 
304.5000  2989.1039   8.3220 
305.5000  2385.8202   8.2926 
306.5000  1812.7123   8.2611 
307.5000  1346.2855   8.2274 
308.5000   954.0194   8.1918 
309.5000   679.1947   8.1542 
310.5000   478.6535   8.1150 
311.5000   330.7513   8.0741 
312.5000   229.8542   8.0316 
313.5000   152.4912   7.9877 
314.4000    89.6942   7.9471 
315.5000    56.0838   7.8961 
316.6000    38.5641   7.8438 
317.4000    25.6398   7.8049 
318.3000    15.5784   7.7605 
319.4000    11.0815   7.7054 
320.6000     8.1515   7.6443 
321.5000     7.5036   7.5980 
322.4000     7.1374   7.5513 
323.4000     4.1603   7.4990 
324.5000     4.0350   7.4411 
325.3000     3.7165   7.3989 
326.6000     3.9382   7.3303 
327.2000     5.7219   7.2986 
328.5000     5.3010   7.2301 
329.9000     4.3109   7.1568 
330.5000     4.7979   7.1255 
331.1000     3.2806   7.0944 
332.6000     7.1637   7.0174 
333.3000     5.5629   6.9819 
334.3000     5.8805   6.9318 
335.6000     0.0000   6.8677 
