  0.0000  2960.2796   5.0354 
  1.9000  3030.6915   5.0358 
  2.9000  3074.7860   5.0363 
  3.9000  3087.5936   5.0369 
  4.9000  3097.3917   5.0378 
  5.9000  3135.6808   5.0388 
  6.9000  3132.1830   5.0400 
  7.9000  3157.7381   5.0413 
  8.9000  3194.2282   5.0428 
  9.8000  3212.3462   5.0442 
 10.9000  3200.5551   5.0461 
 11.9000  3228.0029   5.0480 
 12.8000  3231.7549   5.0497 
 13.8000  3240.6768   5.0518 
 14.8000  3265.6835   5.0540 
 15.8000  3253.7587   5.0562 
 16.8000  3233.2464   5.0586 
 17.8000  3265.6501   5.0610 
 18.8000  3284.2964   5.0635 
 19.8000  3280.2033   5.0661 
 20.8000  3308.8283   5.0688 
 21.8000  3303.8189   5.0715 
 22.8000  3313.9848   5.0742 
 23.8000  3321.2814   5.0771 
 24.8000  3291.4393   5.0799 
 25.8000  3292.3020   5.0828 
 26.8000  3325.9096   5.0858 
 27.8000  3317.3020   5.0888 
 28.7000  3360.2194   5.0915 
 29.7000  3386.8579   5.0945 
 30.7000  3389.4730   5.0976 
 31.7000  3399.5720   5.1007 
 32.7000  3382.9120   5.1038 
 33.7000  3381.1062   5.1069 
 34.7000  3378.0364   5.1101 
 35.7000  3386.1156   5.1132 
 36.7000  3385.2729   5.1164 
 37.7000  3380.8587   5.1196 
 38.7000  3397.0104   5.1227 
 39.7000  3385.1391   5.1259 
 40.7000  3398.4885   5.1291 
 41.7000  3399.2309   5.1323 
 42.7000  3404.1800   5.1354 
 43.7000  3385.0388   5.1386 
 44.7000  3425.6554   5.1417 
 45.7000  3441.6132   5.1449 
 46.7000  3466.3189   5.1480 
 47.7000  3455.9189   5.1512 
 48.7000  3441.2453   5.1543 
 49.7000  3464.5265   5.1574 
 50.7000  3470.7330   5.1605 
 51.7000  3469.6161   5.1636 
 52.7000  3476.5383   5.1667 
 53.7000  3504.5412   5.1697 
 54.7000  3468.5259   5.1728 
 55.6000  3461.6707   5.1755 
 56.7000  3474.2175   5.1788 
 57.6000  3479.5345   5.1815 
 58.6000  3462.8010   5.1845 
 59.6000  3461.9449   5.1874 
 60.6000  3475.1070   5.1904 
 61.6000  3491.0380   5.1933 
 62.6000  3469.5358   5.1963 
 63.6000  3500.2809   5.1992 
 64.6000  3520.2113   5.2021 
 65.6000  3512.9882   5.2049 
 66.6000  3485.4735   5.2078 
 67.6000  3505.6915   5.2107 
 68.6000  3523.4818   5.2135 
 69.6000  3530.9189   5.2163 
 70.6000  3497.0104   5.2192 
 71.6000  3486.0152   5.2220 
 72.6000  3514.0918   5.2248 
 73.6000  3510.9551   5.2276 
 74.6000  3497.1509   5.2303 
 75.6000  3509.2228   5.2331 
 76.6000  3512.4398   5.2359 
 77.6000  3477.7889   5.2386 
 78.6000  3513.3226   5.2414 
 79.6000  3503.6116   5.2442 
 80.6000  3518.5928   5.2469 
 81.6000  3547.1776   5.2497 
 82.6000  3556.8820   5.2524 
 83.6000  3544.8970   5.2552 
 84.6000  3533.4002   5.2580 
 85.6000  3534.6977   5.2607 
 86.6000  3539.6803   5.2635 
 87.6000  3522.8398   5.2663 
 88.6000  3522.2445   5.2691 
 89.6000  3521.5021   5.2719 
 90.6000  3521.2146   5.2747 
 91.6000  3509.9652   5.2776 
 92.6000  3528.6450   5.2804 
 93.6000  3530.8788   5.2833 
 94.6000  3522.3047   5.2861 
 95.6000  3511.1223   5.2890 
 96.6000  3503.3307   5.2920 
 97.6000  3491.5663   5.2949 
 98.6000  3499.1974   5.2979 
 99.6000  3486.0152   5.3009 
100.6000  3489.4329   5.3039 
101.6000  3475.5886   5.3070 
102.6000  3502.2004   5.3101 
103.6000  3522.6190   5.3132 
104.6000  3529.7485   5.3164 
105.6000  3490.4227   5.3196 
106.6000  3487.2325   5.3229 
107.6000  3488.8443   5.3262 
108.6000  3490.7170   5.3295 
109.6000  3485.6006   5.3329 
110.6000  3483.2129   5.3364 
111.6000  3494.0744   5.3399 
112.6000  3497.7862   5.3434 
113.6000  3507.3703   5.3471 
114.6000  3489.2590   5.3507 
115.6000  3495.4722   5.3545 
116.6000  3518.6664   5.3583 
117.6000  3499.0837   5.3622 
118.6000  3497.4719   5.3661 
119.6000  3501.6921   5.3701 
120.6000  3513.2959   5.3742 
121.6000  3516.3925   5.3784 
122.6000  3513.2223   5.3826 
123.6000  3516.1450   5.3870 
124.6000  3513.0551   5.3914 
125.6000  3512.0251   5.3959 
126.6000  3515.3491   5.4006 
127.6000  3507.5441   5.4053 
128.6000  3530.8186   5.4101 
129.6000  3499.1306   5.4150 
130.6000  3500.8427   5.4200 
131.6000  3479.9492   5.4252 
132.6000  3499.7525   5.4304 
133.6000  3500.2742   5.4358 
134.6000  3495.9403   5.4413 
135.6000  3489.9946   5.4469 
136.6000  3476.1102   5.4526 
137.6000  3468.2317   5.4584 
138.6000  3493.5326   5.4644 
139.5000  3491.9007   5.4698 
140.6000  3483.1594   5.4766 
141.6000  3491.8606   5.4830 
142.6000  3491.6265   5.4894 
143.6000  3474.5185   5.4959 
144.6000  3481.9088   5.5026 
145.6000  3496.7429   5.5094 
146.6000  3486.7108   5.5164 
147.6000  3495.4254   5.5234 
148.6000  3501.2908   5.5306 
149.6000  3507.4304   5.5379 
150.6000  3515.4428   5.5454 
151.6000  3518.1782   5.5529 
152.5000  3529.5078   5.5598 
153.6000  3514.7338   5.5684 
154.5000  3511.6974   5.5756 
155.6000  3501.5182   5.5845 
156.6000  3474.1640   5.5927 
157.6000  3489.8408   5.6010 
158.6000  3494.1747   5.6095 
159.6000  3506.4540   5.6181 
160.6000  3518.4189   5.6268 
161.6000  3524.3780   5.6357 
162.6000  3517.3221   5.6447 
163.6000  3532.7047   5.6539 
164.6000  3545.9671   5.6631 
165.6000  3530.8654   5.6726 
166.6000  3529.0062   5.6821 
167.6000  3526.7723   5.6918 
168.6000  3539.8408   5.7016 
169.6000  3543.0377   5.7115 
170.6000  3559.0690   5.7216 
171.6000  3577.8157   5.7318 
172.6000  3581.9690   5.7422 
173.6000  3588.3159   5.7527 
174.6000  3569.6629   5.7633 
175.6000  3581.0661   5.7741 
176.6000  3608.9955   5.7850 
177.6000  3622.1576   5.7960 
178.6000  3619.2616   5.8072 
179.5000  3624.6455   5.8174 
180.6000  3649.7592   5.8300 
181.5000  3650.3010   5.8404 
182.6000  3668.0712   5.8533 
183.6000  3689.3058   5.8652 
184.6000  3685.4066   5.8772 
185.6000  3718.4390   5.8893 
186.6000  3724.3446   5.9016 
187.6000  3728.8122   5.9140 
188.6000  3714.7472   5.9265 
189.5000  3752.2739   5.9380 
190.6000  3763.0350   5.9521 
191.5000  3762.6739   5.9637 
192.6000  3793.1314   5.9782 
193.6000  3766.0781   5.9914 
194.6000  3773.0738   6.0049 
195.5000  3784.0356   6.0171 
196.5000  3799.9799   6.0308 
197.5000  3815.4361   6.0446 
198.6000  3834.3098   6.0601 
199.5000  3841.3256   6.0728 
200.5000  3854.8288   6.0872 
201.5000  3848.1340   6.1017 
202.6000  3864.8542   6.1178 
203.5000  3876.9663   6.1311 
204.5000  3885.2996   6.1461 
205.5000  3872.4318   6.1612 
206.5000  3887.3462   6.1765 
207.6000  3923.6223   6.1936 
208.6000  3910.6207   6.2092 
209.6000  3914.9144   6.2251 
210.5000  3928.7854   6.2395 
211.6000  3927.8023   6.2573 
212.6000  3952.5147   6.2736 
213.6000  3982.2365   6.2902 
214.6000  3996.4419   6.3069 
215.5000  3992.2887   6.3221 
216.6000  4012.5736   6.3409 
217.6000  4014.3660   6.3581 
218.6000  4040.0482   6.3756 
219.6000  4019.7499   6.3932 
220.5000  4039.2790   6.4093 
221.5000  4060.6474   6.4273 
222.5000  4067.9307   6.4455 
223.6000  4079.4676   6.4657 
224.6000  4100.0134   6.4843 
225.6000  4104.6281   6.5031 
226.5000  4113.8042   6.5202 
227.6000  4138.9246   6.5413 
228.5000  4133.3668   6.5588 
229.6000  4144.8769   6.5803 
230.5000  4159.3633   6.5982 
231.6000  4186.8579   6.6202 
232.5000  4214.6870   6.6384 
233.5000  4240.3157   6.6588 
234.5000  4249.0369   6.6794 
235.5000  4259.4369   6.7003 
236.5000  4264.8408   6.7213 
237.5000  4302.8224   6.7426 
238.5000  4325.1873   6.7641 
239.5000  4336.9516   6.7858 
240.5000  4345.5123   6.8078 
241.5000  4349.2643   6.8299 
242.5000  4383.1929   6.8523 
243.5000  4396.7897   6.8749 
244.5000  4414.3793   6.8977 
245.5000  4422.7929   6.9207 
246.5000  4436.8178   6.9439 
247.5000  4449.2242   6.9674 
248.5000  4480.7317   6.9910 
249.5000  4495.5792   7.0149 
250.5000  4505.5778   7.0389 
251.5000  4550.0201   7.0632 
252.5000  4579.1800   7.0877 
253.5000  4585.5671   7.1124 
254.5000  4604.5144   7.1373 
255.5000  4639.7138   7.1623 
256.5000  4637.0318   7.1876 
257.5000  4656.3737   7.2131 
258.5000  4677.9428   7.2388 
259.5000  4699.6857   7.2646 
260.5000  4757.1897   7.2907 
261.5000  4766.9141   7.3170 
262.5000  4805.4575   7.3434 
263.5000  4856.3002   7.3701 
264.5000  4893.9540   7.3969 
265.5000  4899.8863   7.4239 
266.5000  4942.3957   7.4511 
267.5000  4970.3652   7.4784 
268.5000  5034.0824   7.5060 
269.5000  5074.6656   7.5337 
270.5000  5104.0262   7.5616 
271.5000  5158.3467   7.5897 
272.5000  5189.8408   7.6180 
273.5000  5224.3245   7.6464 
274.5000  5273.1608   7.6750 
275.5000  5290.3959   7.7037 
276.5000  5349.1707   7.7326 
277.5000  5396.0474   7.7617 
278.5000  5450.4682   7.7910 
279.5000  5523.5420   7.8204 
280.5000  5578.3641   7.8499 
281.5000  5625.2140   7.8796 
282.5000  5719.3018   7.9095 
283.5000  5791.9944   7.9395 
284.5000  5876.0032   7.9696 
285.5000  5957.4438   7.9999 
286.5000  6058.2798   8.0304 
287.5000  6149.5920   8.0610 
288.5000  6252.4144   8.0917 
289.5000  6347.1041   8.1226 
290.5000  6474.2643   8.1535 
291.5000  6624.0503   8.1847 
292.5000  6753.5447   8.2158 
293.5000  6915.3959   8.2468 
294.5000  7119.9171   8.2774 
295.5000  7320.0910   8.3075 
296.5000  7534.8448   8.3368 
297.5000  7800.6956   8.3652 
298.5000  8035.7143   8.3923 
299.5000  8346.2413   8.4181 
300.5000  8637.7073   8.4422 
301.5000  8914.2590   8.4646 
302.5000  9216.4259   8.4850 
303.5000  9474.4516   8.5031 
304.5000  9735.0856   8.5188 
305.5000  9906.1664   8.5319 
306.5000  10000.0000   8.5427 
307.5000  9942.6164   8.5512 
308.5000  9823.4350   8.5576 
309.5000  9571.4286   8.5622 
310.5000  9174.8930   8.5653 
311.5000  8661.7175   8.5668 
312.5000  8009.1627   8.5672 
313.5000  7274.6121   8.5665 
314.5000  6459.2429   8.5651 
315.5000  5610.8547   8.5630 
316.5000  4826.9195   8.5605 
317.5000  4010.6340   8.5578 
318.5000  3322.8264   8.5547 
319.5000  2690.6033   8.5474 
320.5000  2123.8162   8.5330 
321.5000  1655.5578   8.5119 
322.5000  1264.1921   8.4847 
323.5000   931.9556   8.4517 
324.5000   644.7519   8.4134 
325.5000   455.0535   8.3703 
326.4000   325.8634   8.3278 
327.5000   218.6744   8.2715 
328.4000   148.4016   8.2223 
329.5000    94.5512   8.1589 
330.5000    55.9316   8.0986 
331.5000    36.4220   8.0362 
332.4000    29.7639   7.9786 
333.6000    15.7761   7.9004 
334.5000    11.6207   7.8411 
335.5000     7.6443   7.7748 
336.6000     9.2778   7.7021 
337.6000     6.3672   7.6365 
338.6000     6.8290   7.5720 
339.6000     4.0201   7.5087 
340.2000     8.0029   7.4716 
341.4000     4.4457   7.3994 
342.5000     7.2637   7.3363 
343.5000     4.1905   7.2818 
344.5000     5.2020   7.2304 
345.4000     4.5957   7.1871 
346.5000     6.0084   7.1382 
347.3000     4.1364   7.1057 
348.5000     6.8496   7.0622 
349.7000     4.9138   7.0254 
350.6000     3.8658   7.0025 
351.5000     0.0000   6.9839 
