  0.0000  3146.7622   4.9675 
  1.9000  3234.4216   4.9678 
  2.9000  3283.8021   4.9682 
  3.9000  3293.8787   4.9688 
  4.9000  3303.8045   4.9695 
  5.9000  3352.5595   4.9704 
  6.9000  3419.5984   4.9714 
  7.9000  3405.7309   4.9725 
  8.9000  3409.7254   4.9738 
  9.9000  3426.5850   4.9752 
 10.9000  3471.9936   4.9767 
 11.8000  3486.5470   4.9782 
 12.8000  3497.6561   4.9800 
 13.8000  3512.9405   4.9818 
 14.8000  3525.0369   4.9838 
 15.8000  3534.5935   4.9858 
 16.8000  3524.6752   4.9880 
 17.8000  3574.9525   4.9902 
 18.8000  3542.0247   4.9926 
 19.8000  3570.4983   4.9950 
 20.8000  3580.7332   4.9975 
 21.8000  3584.8482   5.0000 
 22.8000  3604.4663   5.0026 
 23.8000  3604.2778   5.0053 
 24.7000  3592.8522   5.0078 
 25.7000  3569.6391   5.0107 
 26.7000  3586.8379   5.0135 
 27.7000  3652.8067   5.0165 
 28.7000  3657.0197   5.0195 
 29.7000  3690.4902   5.0225 
 30.7000  3688.0634   5.0256 
 31.7000  3682.5088   5.0287 
 32.7000  3643.6044   5.0319 
 33.7000  3691.9222   5.0351 
 34.7000  3674.8365   5.0383 
 35.7000  3669.3573   5.0416 
 36.7000  3673.2613   5.0449 
 37.7000  3660.3283   5.0482 
 38.7000  3652.4298   5.0516 
 39.7000  3668.3850   5.0549 
 40.7000  3699.2704   5.0583 
 41.7000  3695.3363   5.0618 
 42.7000  3684.8904   5.0652 
 43.7000  3709.3546   5.0687 
 44.7000  3721.2475   5.0722 
 45.7000  3724.7596   5.0757 
 46.6000  3731.4070   5.0788 
 47.6000  3752.0575   5.0823 
 48.6000  3772.8739   5.0859 
 49.6000  3743.0813   5.0894 
 50.6000  3763.7696   5.0930 
 51.6000  3743.5561   5.0965 
 52.6000  3799.3579   5.1001 
 53.6000  3776.3935   5.1036 
 54.6000  3770.8616   5.1072 
 55.6000  3779.0992   5.1108 
 56.6000  3753.5799   5.1143 
 57.6000  3765.0659   5.1179 
 58.6000  3734.6176   5.1215 
 59.6000  3778.2250   5.1251 
 60.6000  3789.7184   5.1287 
 61.6000  3790.6228   5.1322 
 62.6000  3787.6383   5.1358 
 63.6000  3796.5542   5.1394 
 64.6000  3810.2936   5.1429 
 65.6000  3779.9735   5.1465 
 66.6000  3778.1421   5.1501 
 67.6000  3792.9441   5.1536 
 68.6000  3762.2698   5.1572 
 69.6000  3788.9874   5.1607 
 70.6000  3799.6292   5.1643 
 71.6000  3772.3313   5.1678 
 72.6000  3756.9338   5.1714 
 73.6000  3768.3142   5.1749 
 74.6000  3792.9743   5.1784 
 75.6000  3783.0258   5.1820 
 76.6000  3766.6486   5.1855 
 77.6000  3767.4249   5.1890 
 78.6000  3777.1698   5.1925 
 79.6000  3792.5974   5.1960 
 80.6000  3785.0080   5.1995 
 81.6000  3844.1787   5.2030 
 82.6000  3846.8391   5.2066 
 83.6000  3827.4019   5.2101 
 84.6000  3811.4392   5.2136 
 85.6000  3808.6054   5.2171 
 86.6000  3816.2627   5.2206 
 87.6000  3839.0160   5.2241 
 88.6000  3835.1271   5.2276 
 89.6000  3837.3655   5.2310 
 90.6000  3820.5435   5.2345 
 91.6000  3815.8859   5.2381 
 92.6000  3789.6657   5.2416 
 93.6000  3804.2115   5.2451 
 94.6000  3792.9215   5.2486 
 95.6000  3795.1147   5.2521 
 96.6000  3795.4237   5.2556 
 97.6000  3784.4277   5.2591 
 98.6000  3788.3317   5.2627 
 99.6000  3796.7351   5.2662 
100.6000  3810.7986   5.2698 
101.6000  3818.5915   5.2733 
102.6000  3819.9557   5.2769 
103.6000  3835.5190   5.2805 
104.5000  3807.8894   5.2837 
105.6000  3773.7180   5.2877 
106.6000  3790.5776   5.2913 
107.5000  3802.9303   5.2945 
108.6000  3784.0433   5.2986 
109.6000  3779.9056   5.3022 
110.5000  3793.6827   5.3055 
111.6000  3781.2622   5.3096 
112.5000  3828.4269   5.3129 
113.5000  3825.9398   5.3167 
114.5000  3818.1092   5.3204 
115.5000  3816.9259   5.3242 
116.5000  3824.6134   5.3280 
117.5000  3834.9914   5.3319 
118.5000  3824.1084   5.3357 
119.5000  3822.6840   5.3396 
120.5000  3798.5590   5.3435 
121.5000  3808.7411   5.3475 
122.5000  3794.2480   5.3515 
123.5000  3787.0730   5.3555 
124.5000  3816.2476   5.3595 
125.5000  3794.8509   5.3636 
126.5000  3801.4229   5.3677 
127.5000  3839.7471   5.3719 
128.5000  3836.6344   5.3761 
129.5000  3818.9458   5.3803 
130.5000  3830.7859   5.3846 
131.5000  3823.1286   5.3889 
132.5000  3815.1925   5.3933 
133.5000  3831.0497   5.3977 
134.5000  3804.3472   5.4022 
135.5000  3790.6605   5.4067 
136.5000  3771.5625   5.4113 
137.5000  3779.8680   5.4159 
138.5000  3807.3769   5.4206 
139.5000  3792.5447   5.4254 
140.5000  3769.7311   5.4302 
141.5000  3793.3888   5.4350 
142.5000  3787.0052   5.4399 
143.5000  3804.5356   5.4449 
144.5000  3805.1687   5.4500 
145.5000  3814.2730   5.4551 
146.5000  3816.7827   5.4603 
147.5000  3779.8152   5.4656 
148.5000  3821.1992   5.4709 
149.5000  3827.0779   5.4763 
150.5000  3778.0064   5.4818 
151.5000  3791.7006   5.4874 
152.5000  3795.4086   5.4930 
153.5000  3781.6240   5.4988 
154.5000  3805.4475   5.5046 
155.5000  3799.8704   5.5105 
156.5000  3786.6661   5.5165 
157.5000  3802.4705   5.5226 
158.5000  3805.8168   5.5288 
159.5000  3807.4448   5.5350 
160.5000  3781.4959   5.5414 
161.5000  3799.6141   5.5479 
162.5000  3779.7323   5.5544 
163.5000  3764.2745   5.5611 
164.5000  3753.4593   5.5678 
165.5000  3780.1393   5.5746 
166.5000  3777.3356   5.5816 
167.5000  3814.0771   5.5886 
168.5000  3783.6514   5.5957 
169.5000  3782.0837   5.6030 
170.5000  3784.1337   5.6103 
171.5000  3789.2738   5.6177 
172.5000  3810.9493   5.6253 
173.5000  3772.7684   5.6329 
174.5000  3760.1143   5.6407 
175.5000  3768.5177   5.6485 
176.5000  3792.9366   5.6565 
177.5000  3750.9572   5.6646 
178.5000  3776.9739   5.6727 
179.5000  3768.7664   5.6810 
180.5000  3754.9893   5.6894 
181.5000  3775.4590   5.6979 
182.5000  3773.1603   5.7066 
183.5000  3776.4086   5.7153 
184.5000  3759.3530   5.7241 
185.5000  3754.2281   5.7331 
186.5000  3772.1504   5.7422 
187.5000  3740.9333   5.7514 
188.5000  3744.6037   5.7607 
189.5000  3760.3328   5.7701 
190.5000  3762.3300   5.7797 
191.5000  3747.1511   5.7894 
192.5000  3741.8377   5.7992 
193.5000  3749.1634   5.8091 
194.5000  3754.4391   5.8191 
195.5000  3769.5879   5.8293 
196.5000  3759.9484   5.8396 
197.5000  3736.2757   5.8500 
198.5000  3744.8675   5.8606 
199.5000  3752.2535   5.8712 
200.5000  3746.7441   5.8820 
201.5000  3722.0464   5.8930 
202.5000  3732.3490   5.9041 
203.5000  3725.7243   5.9153 
204.5000  3727.1864   5.9266 
205.5000  3720.5541   5.9380 
206.5000  3723.3201   5.9497 
207.5000  3719.9587   5.9614 
208.5000  3745.7342   5.9733 
209.5000  3765.1714   5.9853 
210.5000  3739.8330   5.9974 
211.5000  3751.7862   6.0097 
212.5000  3743.1567   6.0221 
213.5000  3745.4931   6.0347 
214.5000  3763.8374   6.0474 
215.5000  3730.9321   6.0603 
216.5000  3755.5772   6.0733 
217.5000  3761.6668   6.0864 
218.5000  3742.9004   6.0997 
219.5000  3780.6744   6.1132 
220.5000  3787.7363   6.1267 
221.5000  3810.9945   6.1405 
222.5000  3816.8807   6.1544 
223.5000  3808.9370   6.1684 
224.5000  3816.3305   6.1826 
225.5000  3822.3674   6.1969 
226.5000  3822.7669   6.2114 
227.5000  3849.1679   6.2261 
228.5000  3841.2469   6.2409 
229.5000  3843.6662   6.2558 
230.5000  3857.6769   6.2710 
231.5000  3872.7654   6.2862 
232.5000  3878.6365   6.3017 
233.5000  3898.6690   6.3173 
234.5000  3889.0748   6.3330 
235.5000  3890.8459   6.3490 
236.5000  3909.9967   6.3651 
237.5000  3923.8115   6.3813 
238.5000  3941.1610   6.3977 
239.5000  3943.5199   6.4143 
240.5000  3963.6354   6.4311 
241.5000  3952.7524   6.4480 
242.5000  3935.4707   6.4651 
243.5000  3984.7985   6.4824 
244.5000  4007.6498   6.4998 
245.5000  4022.7533   6.5174 
246.5000  4015.1036   6.5352 
247.5000  4010.3253   6.5532 
248.5000  4027.5467   6.5713 
249.5000  4024.4717   6.5896 
250.5000  4055.6661   6.6081 
251.5000  4072.8799   6.6268 
252.5000  4070.7395   6.6456 
253.5000  4086.6043   6.6646 
254.5000  4082.1350   6.6838 
255.5000  4115.6959   6.7032 
256.5000  4105.6646   6.7228 
257.5000  4131.5833   6.7426 
258.5000  4147.2672   6.7625 
259.5000  4152.1133   6.7826 
260.5000  4183.9182   6.8029 
261.5000  4177.8737   6.8234 
262.5000  4174.9721   6.8441 
263.5000  4200.7024   6.8650 
264.5000  4199.0519   6.8861 
265.5000  4221.6545   6.9073 
266.5000  4230.0428   6.9288 
267.5000  4232.4470   6.9504 
268.5000  4258.3733   6.9723 
269.5000  4259.1194   6.9943 
270.5000  4282.4681   7.0165 
271.5000  4309.0049   7.0389 
272.5000  4310.2258   7.0615 
273.5000  4309.4194   7.0844 
274.5000  4320.3627   7.1074 
275.5000  4349.1679   7.1306 
276.5000  4331.6526   7.1540 
277.5000  4358.1216   7.1776 
278.5000  4380.6714   7.2014 
279.5000  4376.7372   7.2254 
280.5000  4383.5127   7.2496 
281.5000  4418.9729   7.2741 
282.5000  4424.8741   7.2987 
283.5000  4454.4029   7.3235 
284.5000  4448.6298   7.3485 
285.5000  4490.5038   7.3737 
286.5000  4509.9560   7.3991 
287.5000  4501.5827   7.4246 
288.5000  4525.0897   7.4504 
289.5000  4547.6546   7.4764 
290.5000  4577.6205   7.5025 
291.5000  4581.4793   7.5288 
292.5000  4593.4024   7.5553 
293.5000  4617.5877   7.5819 
294.5000  4627.1065   7.6088 
295.5000  4660.1776   7.6358 
296.5000  4663.2149   7.6630 
297.5000  4681.7627   7.6903 
298.5000  4698.4188   7.7178 
299.5000  4740.2174   7.7455 
300.5000  4744.3776   7.7733 
301.5000  4736.3058   7.8013 
302.5000  4782.8073   7.8294 
303.5000  4807.3769   7.8577 
304.5000  4827.6431   7.8862 
305.5000  4859.8475   7.9147 
306.5000  4863.2390   7.9435 
307.5000  4895.4056   7.9724 
308.5000  4949.2931   8.0014 
309.5000  4971.2173   8.0305 
310.5000  4998.8996   8.0598 
311.5000  5033.5685   8.0892 
312.5000  5059.8565   8.1188 
313.5000  5099.0549   8.1484 
314.5000  5147.7646   8.1782 
315.5000  5128.3199   8.2082 
316.5000  5177.5572   8.2382 
317.5000  5214.4644   8.2683 
318.5000  5259.8429   8.2986 
319.5000  5280.7498   8.3290 
320.5000  5301.2797   8.3595 
321.5000  5340.2897   8.3900 
322.5000  5390.6876   8.4207 
323.5000  5448.0721   8.4515 
324.5000  5492.8929   8.4824 
325.5000  5530.4483   8.5134 
326.5000  5564.0695   8.5444 
327.5000  5630.6789   8.5756 
328.5000  5675.5449   8.6068 
329.5000  5726.0484   8.6381 
330.5000  5805.7565   8.6695 
331.5000  5857.0966   8.7010 
332.5000  5941.5830   8.7325 
333.5000  5995.5383   8.7641 
334.5000  6057.1584   8.7958 
335.5000  6179.3133   8.8275 
336.5000  6231.2638   8.8593 
337.5000  6361.8598   8.8911 
338.5000  6451.8555   8.9230 
339.5000  6548.2123   8.9550 
340.5000  6666.5762   8.9870 
341.5000  6796.2754   9.0190 
342.5000  6941.1610   9.0511 
343.5000  7097.6380   9.0829 
344.5000  7302.0635   9.1145 
345.5000  7464.5473   9.1457 
346.5000  7645.3830   9.1762 
347.5000  7887.3866   9.2060 
348.5000  8079.5725   9.2349 
349.5000  8281.4054   9.2627 
350.5000  8600.9617   9.2894 
351.5000  8852.3108   9.3147 
352.5000  9060.3238   9.3384 
353.5000  9314.0846   9.3605 
354.5000  9538.4523   9.3808 
355.5000  9701.3204   9.3991 
356.5000  9887.9292   9.4153 
357.5000  9989.9762   9.4292 
358.5000  10000.0000   9.4408 
359.5000  9856.5765   9.4502 
360.5000  9622.6372   9.4574 
361.5000  9365.1081   9.4628 
362.5000  8979.0027   9.4662 
363.5000  8490.5490   9.4680 
364.5000  7886.5575   9.4682 
365.5000  7283.5609   9.4669 
366.5000  6610.8574   9.4642 
367.5000  5919.5231   9.4604 
368.5000  5199.6774   9.4554 
369.5000  4495.2971   9.4495 
370.5000  3821.0108   9.4428 
371.5000  3212.8742   9.4353 
372.5000  2626.1192   9.4273 
373.5000  2143.9586   9.4186 
374.5000  1733.1479   9.4053 
375.5000  1331.6602   9.3828 
376.5000  1030.6442   9.3516 
377.5000   778.9409   9.3124 
378.5000   588.6716   9.2656 
379.5000   464.1245   9.2121 
380.5000   336.8485   9.1524 
381.5000   246.4758   9.0872 
382.5000   161.5334   9.0172 
383.5000   111.3774   8.9430 
384.5000    66.8280   8.8653 
385.4000    48.4110   8.7928 
386.6000    41.2873   8.6934 
387.5000    27.2431   8.6173 
388.5000    21.2850   8.5319 
389.5000    15.9338   8.4460 
390.5000    12.0550   8.3604 
391.3000     9.3167   8.2925 
392.5000     7.2411   8.1923 
393.3000     4.2702   8.1270 
394.4000     4.1118   8.0398 
395.2000     4.9158   7.9786 
396.5000     3.3530   7.8840 
397.4000     4.6501   7.8225 
398.8000     4.2601   7.7342 
399.6000     4.7416   7.6884 
400.0000     0.0224   7.6667 
401.0000     0.0114   7.6168 
402.0000     0.0056   7.5732 
403.0000     0.0028   7.5362 
404.0000     0.0013   7.5065 
405.0000     0.0006   7.4845 
406.0000     0.0003   7.4706 
407.0000     0.0001   7.4653 
408.0000     0.0001   7.4693 
409.0000     0.0000   7.4830 
