  0.0000  2687.0972   5.2284 
  2.0000  2729.0550   5.2289 
  2.9000  2767.4004   5.2294 
  3.9000  2817.6062   5.2302 
  4.9000  2828.1268   5.2311 
  5.9000  2829.1387   5.2322 
  6.9000  2855.5616   5.2335 
  7.9000  2877.8577   5.2349 
  8.9000  2899.3567   5.2364 
  9.9000  2907.0224   5.2381 
 10.9000  2903.2178   5.2399 
 11.9000  2913.3878   5.2418 
 12.9000  2952.9487   5.2437 
 13.9000  2959.0993   5.2458 
 14.9000  2943.8075   5.2479 
 15.9000  2941.5689   5.2501 
 16.8000  2956.6006   5.2521 
 17.8000  2969.6990   5.2544 
 18.8000  2956.7872   5.2567 
 19.8000  2994.2281   5.2590 
 20.8000  2985.1604   5.2614 
 21.8000  2997.7387   5.2638 
 22.8000  2991.9047   5.2662 
 23.8000  3025.1792   5.2687 
 24.8000  3006.1450   5.2711 
 25.8000  3009.9043   5.2735 
 26.8000  3022.6014   5.2760 
 27.8000  3015.7102   5.2784 
 28.8000  3038.1193   5.2808 
 29.8000  3030.8833   5.2832 
 30.8000  3028.7350   5.2856 
 31.8000  3061.5630   5.2880 
 32.8000  3046.8704   5.2903 
 33.8000  3054.1969   5.2927 
 34.8000  3031.7878   5.2950 
 35.8000  3062.4618   5.2973 
 36.8000  3076.6456   5.2995 
 37.8000  3055.9155   5.3018 
 38.7000  3081.3321   5.3038 
 39.7000  3084.9275   5.3059 
 40.7000  3085.1763   5.3081 
 41.7000  3106.0591   5.3102 
 42.7000  3096.7483   5.3123 
 43.7000  3096.0134   5.3144 
 44.7000  3087.9350   5.3164 
 45.7000  3115.3811   5.3184 
 46.7000  3102.1132   5.3204 
 47.7000  3115.1098   5.3224 
 48.7000  3079.2857   5.3243 
 49.7000  3111.4578   5.3262 
 50.7000  3108.6143   5.3281 
 51.7000  3105.2846   5.3300 
 52.7000  3104.9115   5.3318 
 53.7000  3102.8255   5.3336 
 54.7000  3122.3119   5.3354 
 55.7000  3131.1591   5.3372 
 56.7000  3121.8427   5.3390 
 57.7000  3109.3831   5.3407 
 58.7000  3117.3371   5.3425 
 59.7000  3129.9493   5.3442 
 60.7000  3134.8280   5.3460 
 61.7000  3133.3978   5.3477 
 62.7000  3123.2277   5.3494 
 63.7000  3134.1157   5.3511 
 64.7000  3128.4795   5.3529 
 65.7000  3142.3920   5.3546 
 66.7000  3131.4135   5.3563 
 67.7000  3143.8335   5.3581 
 68.7000  3146.5866   5.3598 
 69.7000  3150.2160   5.3616 
 70.7000  3149.3114   5.3634 
 71.7000  3151.0526   5.3652 
 72.7000  3126.3257   5.3671 
 73.7000  3138.3217   5.3690 
 74.7000  3147.5646   5.3709 
 75.7000  3176.5823   5.3728 
 76.7000  3165.1912   5.3748 
 77.7000  3169.7307   5.3768 
 78.7000  3164.9481   5.3788 
 79.7000  3166.4688   5.3809 
 80.7000  3144.1331   5.3831 
 81.7000  3141.9228   5.3853 
 82.7000  3115.5451   5.3876 
 83.7000  3144.6532   5.3899 
 84.7000  3152.4433   5.3923 
 85.7000  3139.2771   5.3947 
 86.7000  3130.3507   5.3973 
 87.7000  3143.2399   5.3999 
 88.7000  3142.3750   5.4026 
 89.7000  3136.7897   5.4054 
 90.7000  3142.4372   5.4083 
 91.7000  3132.6233   5.4112 
 92.7000  3145.7217   5.4143 
 93.7000  3141.9849   5.4175 
 94.7000  3148.3730   5.4208 
 95.7000  3146.6149   5.4242 
 96.7000  3162.3307   5.4277 
 97.7000  3163.0317   5.4314 
 98.7000  3191.9872   5.4352 
 99.7000  3182.3146   5.4392 
100.7000  3203.1126   5.4432 
101.7000  3195.0399   5.4475 
102.7000  3201.7220   5.4519 
103.7000  3202.6830   5.4565 
104.7000  3211.9033   5.4612 
105.7000  3236.1045   5.4661 
106.7000  3228.5067   5.4712 
107.7000  3244.8839   5.4764 
108.7000  3254.4660   5.4818 
109.7000  3279.8035   5.4874 
110.7000  3268.9607   5.4932 
111.7000  3275.9367   5.4991 
112.7000  3301.4664   5.5052 
113.7000  3293.0884   5.5114 
114.7000  3308.0806   5.5179 
115.7000  3323.1181   5.5245 
116.7000  3319.3135   5.5313 
117.7000  3340.0436   5.5382 
118.7000  3341.3495   5.5453 
119.7000  3348.4556   5.5526 
120.7000  3369.2083   5.5601 
121.7000  3373.2617   5.5677 
122.7000  3374.4884   5.5755 
123.7000  3390.5999   5.5834 
124.7000  3394.2462   5.5916 
125.7000  3405.7730   5.5999 
126.7000  3412.0254   5.6083 
127.7000  3413.6705   5.6169 
128.7000  3420.5956   5.6257 
129.7000  3435.6048   5.6346 
130.7000  3473.1814   5.6437 
131.7000  3471.6607   5.6530 
132.7000  3481.6329   5.6623 
133.7000  3483.6850   5.6719 
134.7000  3486.8733   5.6816 
135.7000  3516.1454   5.6914 
136.7000  3518.5820   5.7014 
137.7000  3524.8852   5.7115 
138.7000  3540.5332   5.7217 
139.7000  3528.7350   5.7321 
140.7000  3544.7392   5.7426 
141.7000  3550.9859   5.7532 
142.7000  3572.6375   5.7639 
143.7000  3582.3214   5.7748 
144.7000  3583.6782   5.7858 
145.7000  3585.0462   5.7968 
146.7000  3598.2125   5.8080 
147.7000  3586.2843   5.8193 
148.7000  3607.4441   5.8307 
149.7000  3612.3680   5.8423 
150.7000  3636.4109   5.8539 
151.7000  3663.2013   5.8657 
152.7000  3664.9142   5.8775 
153.7000  3697.6291   5.8895 
154.7000  3713.1809   5.9016 
155.7000  3715.9849   5.9139 
156.7000  3724.3742   5.9262 
157.7000  3720.7053   5.9387 
158.7000  3752.2613   5.9513 
159.7000  3762.8383   5.9640 
160.7000  3783.0767   5.9768 
161.7000  3781.0528   5.9898 
162.7000  3793.5690   6.0029 
163.7000  3813.5642   6.0161 
164.7000  3822.6941   6.0294 
165.7000  3839.8062   6.0429 
166.7000  3844.6679   6.0565 
167.7000  3865.6468   6.0703 
168.7000  3873.5500   6.0841 
169.7000  3898.7235   6.0981 
170.7000  3891.1087   6.1123 
171.7000  3901.0865   6.1266 
172.7000  3935.0395   6.1410 
173.7000  3943.4175   6.1555 
174.7000  3966.4711   6.1702 
175.7000  3993.7024   6.1851 
176.7000  3995.7940   6.2001 
177.7000  4011.4816   6.2152 
178.7000  4026.2477   6.2305 
179.7000  4032.6810   6.2459 
180.7000  4042.3705   6.2615 
181.7000  4076.4139   6.2772 
182.6000  4083.5086   6.2915 
183.7000  4101.9549   6.3091 
184.7000  4134.0931   6.3253 
185.6000  4171.0705   6.3401 
186.7000  4191.5293   6.3582 
187.6000  4209.3424   6.3732 
188.6000  4222.8987   6.3901 
189.6000  4247.6370   6.4071 
190.6000  4274.1447   6.4243 
191.6000  4297.5884   6.4417 
192.6000  4299.8779   6.4593 
193.6000  4355.4768   6.4772 
194.6000  4377.5863   6.4953 
195.6000  4387.6320   6.5136 
196.6000  4428.8549   6.5321 
197.6000  4434.4459   6.5509 
198.6000  4481.2598   6.5700 
199.6000  4505.1218   6.5894 
200.6000  4541.1098   6.6090 
201.6000  4580.3937   6.6289 
202.6000  4607.0653   6.6492 
203.6000  4643.8674   6.6697 
204.6000  4681.0935   6.6906 
205.6000  4711.8807   6.7119 
206.6000  4758.1914   6.7334 
207.6000  4795.6663   6.7554 
208.6000  4828.7430   6.7777 
209.6000  4855.4429   6.8004 
210.6000  4920.9065   6.8234 
211.6000  4970.2700   6.8469 
212.6000  5025.9876   6.8708 
213.6000  5073.6268   6.8952 
214.6000  5122.9451   6.9200 
215.6000  5183.0382   6.9452 
216.6000  5269.5939   6.9709 
217.6000  5352.9837   6.9971 
218.6000  5389.4241   7.0237 
219.6000  5478.2297   7.0509 
220.6000  5574.3278   7.0786 
221.6000  5670.7483   7.1068 
222.6000  5764.9865   7.1356 
223.6000  5875.5060   7.1649 
224.6000  5997.2186   7.1948 
225.6000  6129.2201   7.2252 
226.6000  6275.0718   7.2563 
227.6000  6428.2161   7.2880 
228.6000  6587.1831   7.3200 
229.6000  6782.0478   7.3520 
230.6000  6984.0920   7.3835 
231.6000  7222.8818   7.4141 
232.6000  7527.4744   7.4432 
233.6000  7830.8233   7.4705 
234.6000  8165.4908   7.4956 
235.6000  8527.7457   7.5178 
236.6000  8907.5820   7.5367 
237.6000  9250.1639   7.5520 
238.6000  9633.3921   7.5634 
239.6000  9902.6525   7.5715 
240.6000  10000.0000   7.5767 
241.6000  9971.4515   7.5796 
242.6000  9783.3141   7.5808 
243.6000  9343.6108   7.5809 
244.5000  8764.8961   7.5803 
245.5000  7895.7782   7.5796 
246.5000  6934.8529   7.5793 
247.5000  5995.5792   7.5799 
248.5000  4934.9094   7.5808 
249.5000  3981.0619   7.5770 
250.5000  3114.2844   7.5669 
251.5000  2346.6183   7.5510 
252.5000  1674.8920   7.5298 
253.5000  1166.1409   7.5036 
254.5000   766.9369   7.4730 
255.5000   495.2332   7.4382 
256.5000   318.3304   7.3998 
257.5000   187.8853   7.3581 
258.5000   113.8344   7.3137 
259.5000    58.2949   7.2669 
260.5000    33.6749   7.2182 
261.5000    19.6077   7.1680 
262.7000    15.1256   7.1063 
263.5000    10.0422   7.0646 
264.5000     5.9804   7.0123 
265.4000     4.7980   6.9653 
266.7000     7.0571   6.8980 
267.5000     4.8653   6.8572 
268.5000     6.6480   6.8073 
269.4000     5.4930   6.7637 
270.5000     5.8153   6.7123 
271.7000     6.6036   6.6591 
272.6000     3.9168   6.6215 
273.3000     4.9870   6.5937 
274.5000     4.8183   6.5493 
275.6000     4.3272   6.5126 
276.4000     0.0000   6.4885 
