  0.0000  2811.4566   5.1109 
  2.0000  2882.2588   5.1112 
  2.9000  2895.1812   5.1115 
  3.9000  2932.7114   5.1119 
  4.9000  2947.8921   5.1125 
  5.9000  2957.7685   5.1132 
  6.9000  2954.9071   5.1140 
  7.9000  2992.1297   5.1149 
  8.9000  3001.7661   5.1159 
  9.9000  3009.0333   5.1170 
 10.9000  3017.9252   5.1182 
 11.9000  3031.8198   5.1195 
 12.9000  3034.9211   5.1209 
 13.8000  3064.4764   5.1222 
 14.8000  3075.4912   5.1237 
 15.8000  3085.8783   5.1253 
 16.8000  3088.8874   5.1269 
 17.8000  3100.3698   5.1286 
 18.8000  3108.2340   5.1304 
 19.8000  3105.7234   5.1323 
 20.8000  3122.3317   5.1342 
 21.8000  3145.9488   5.1361 
 22.8000  3150.7609   5.1381 
 23.8000  3145.6535   5.1401 
 24.8000  3148.0349   5.1422 
 25.8000  3143.9305   5.1443 
 26.8000  3177.9101   5.1465 
 27.8000  3180.3223   5.1487 
 28.8000  3184.3652   5.1509 
 29.8000  3173.0427   5.1532 
 30.8000  3194.1308   5.1555 
 31.8000  3180.4515   5.1578 
 32.7000  3174.2119   5.1599 
 33.7000  3183.4052   5.1623 
 34.7000  3158.3112   5.1647 
 35.7000  3203.5949   5.1671 
 36.7000  3220.2524   5.1695 
 37.7000  3230.4303   5.1719 
 38.7000  3236.7377   5.1744 
 39.7000  3227.1628   5.1769 
 40.7000  3216.8188   5.1794 
 41.7000  3247.8940   5.1819 
 42.7000  3247.4632   5.1844 
 43.7000  3242.1343   5.1870 
 44.7000  3245.7956   5.1895 
 45.7000  3230.7811   5.1921 
 46.7000  3241.1251   5.1947 
 47.7000  3241.3466   5.1972 
 48.7000  3263.8500   5.1998 
 49.7000  3256.0043   5.2024 
 50.7000  3284.1873   5.2050 
 51.7000  3280.8214   5.2077 
 52.7000  3253.7583   5.2103 
 53.7000  3261.0748   5.2129 
 54.7000  3279.3753   5.2156 
 55.7000  3293.6453   5.2182 
 56.7000  3277.9477   5.2209 
 57.7000  3297.5158   5.2235 
 58.7000  3292.4207   5.2262 
 59.7000  3288.2794   5.2289 
 60.7000  3277.0431   5.2316 
 61.7000  3289.7009   5.2343 
 62.7000  3287.9164   5.2370 
 63.7000  3294.5868   5.2397 
 64.7000  3294.5437   5.2425 
 65.7000  3295.3929   5.2452 
 66.7000  3300.6603   5.2480 
 67.7000  3284.4889   5.2507 
 68.6000  3307.1891   5.2532 
 69.7000  3276.7847   5.2563 
 70.6000  3269.5912   5.2588 
 71.6000  3290.5254   5.2617 
 72.6000  3313.5765   5.2645 
 73.6000  3299.2450   5.2673 
 74.6000  3312.2719   5.2702 
 75.6000  3306.8138   5.2731 
 76.6000  3316.9424   5.2760 
 77.6000  3303.5340   5.2789 
 78.6000  3330.9294   5.2819 
 79.6000  3319.9084   5.2849 
 80.6000  3333.8338   5.2879 
 81.6000  3319.6500   5.2909 
 82.6000  3348.4053   5.2939 
 83.6000  3332.0185   5.2970 
 84.6000  3309.5152   5.3001 
 85.6000  3294.5621   5.3032 
 86.6000  3281.4552   5.3064 
 87.6000  3308.2845   5.3096 
 88.6000  3298.1804   5.3128 
 89.6000  3315.5394   5.3161 
 90.6000  3320.1607   5.3194 
 91.6000  3321.7729   5.3228 
 92.6000  3328.4680   5.3261 
 93.6000  3321.5207   5.3296 
 94.6000  3319.2377   5.3330 
 95.6000  3336.8306   5.3366 
 96.6000  3331.0832   5.3401 
 97.6000  3347.0762   5.3437 
 98.6000  3356.1895   5.3474 
 99.6000  3350.0914   5.3511 
100.6000  3356.9156   5.3549 
101.6000  3326.5665   5.3587 
102.6000  3334.2215   5.3626 
103.6000  3336.4860   5.3666 
104.6000  3327.6434   5.3706 
105.6000  3349.4453   5.3746 
106.6000  3330.6709   5.3788 
107.6000  3338.6582   5.3830 
108.6000  3319.3792   5.3873 
109.6000  3326.5850   5.3917 
110.6000  3343.1195   5.3961 
111.6000  3354.6204   5.4006 
112.6000  3364.3429   5.4052 
113.6000  3357.2848   5.4099 
114.6000  3351.5682   5.4147 
115.6000  3361.1738   5.4195 
116.6000  3329.1448   5.4245 
117.6000  3345.0640   5.4295 
118.6000  3330.6278   5.4347 
119.6000  3343.2548   5.4399 
120.6000  3349.2791   5.4453 
121.6000  3342.3133   5.4507 
122.6000  3347.2731   5.4562 
123.6000  3355.7772   5.4619 
124.6000  3335.3414   5.4677 
125.6000  3319.3054   5.4735 
126.6000  3327.0219   5.4795 
127.6000  3325.6373   5.4856 
128.6000  3340.4488   5.4918 
129.6000  3352.9405   5.4981 
130.6000  3365.1675   5.5045 
131.6000  3372.9886   5.5110 
132.6000  3370.8041   5.5177 
133.6000  3357.6540   5.5244 
134.6000  3381.6589   5.5313 
135.6000  3391.1045   5.5383 
136.6000  3400.9255   5.5455 
137.6000  3407.1221   5.5527 
138.6000  3417.4046   5.5601 
139.6000  3407.1713   5.5676 
140.6000  3427.3856   5.5753 
141.6000  3425.0841   5.5830 
142.6000  3456.5593   5.5909 
143.6000  3433.6806   5.5990 
144.6000  3454.9163   5.6071 
145.6000  3469.8447   5.6155 
146.6000  3481.5918   5.6239 
147.6000  3480.4349   5.6325 
148.6000  3490.5944   5.6412 
149.6000  3508.9564   5.6501 
150.6000  3512.1070   5.6591 
151.6000  3512.5501   5.6682 
152.6000  3518.1251   5.6775 
153.6000  3531.5398   5.6870 
154.6000  3545.8590   5.6966 
155.6000  3543.6130   5.7064 
156.6000  3541.1146   5.7163 
157.6000  3549.1696   5.7263 
158.6000  3548.6896   5.7366 
159.6000  3568.4977   5.7469 
160.6000  3597.2469   5.7575 
161.6000  3611.4061   5.7682 
162.6000  3600.7113   5.7790 
163.6000  3601.1113   5.7901 
164.6000  3613.5660   5.8013 
165.6000  3617.4304   5.8126 
166.6000  3637.9277   5.8241 
167.6000  3642.8321   5.8358 
168.6000  3640.1615   5.8477 
169.6000  3661.2557   5.8597 
170.6000  3700.7550   5.8719 
171.6000  3697.2660   5.8843 
172.6000  3723.6584   5.8969 
173.6000  3737.9714   5.9096 
174.6000  3738.8145   5.9225 
175.6000  3743.0481   5.9355 
176.6000  3756.5489   5.9487 
177.6000  3764.6346   5.9621 
178.6000  3753.7736   5.9757 
179.6000  3780.7937   5.9894 
180.6000  3795.1560   6.0033 
181.6000  3803.8939   6.0174 
182.6000  3823.9174   6.0317 
183.6000  3810.3490   6.0461 
184.6000  3829.4125   6.0607 
185.6000  3845.3070   6.0754 
186.6000  3871.3979   6.0904 
187.6000  3858.8570   6.1055 
188.6000  3888.0616   6.1207 
189.6000  3894.6520   6.1362 
190.6000  3917.4446   6.1518 
191.6000  3921.1490   6.1675 
192.6000  3947.3814   6.1835 
193.6000  3942.5016   6.1996 
194.6000  3964.9866   6.2159 
195.6000  3956.0455   6.2323 
196.6000  3975.2444   6.2489 
197.6000  3988.7022   6.2657 
198.6000  3992.1358   6.2826 
199.6000  4015.7653   6.2997 
200.6000  4025.8201   6.3169 
201.6000  4036.3488   6.3344 
202.6000  4065.1410   6.3519 
203.6000  4099.4960   6.3697 
204.6000  4122.8547   6.3876 
205.6000  4141.7706   6.4056 
206.6000  4138.9954   6.4238 
207.6000  4170.4583   6.4422 
208.6000  4179.3562   6.4607 
209.6000  4189.7187   6.4794 
210.6000  4204.8256   6.4982 
211.6000  4217.1387   6.5172 
212.6000  4232.5348   6.5363 
213.6000  4248.4355   6.5556 
214.6000  4291.2700   6.5751 
215.6000  4300.9679   6.5947 
216.6000  4320.8868   6.6144 
217.6000  4325.0897   6.6344 
218.6000  4334.8738   6.6545 
219.6000  4373.1978   6.6748 
220.6000  4388.7169   6.6952 
221.6000  4402.4946   6.7159 
222.6000  4429.4839   6.7367 
223.6000  4468.2633   6.7578 
224.6000  4494.9634   6.7790 
225.6000  4524.3648   6.8005 
226.6000  4553.5816   6.8221 
227.6000  4576.9465   6.8440 
228.6000  4589.3397   6.8660 
229.6000  4609.0740   6.8883 
230.6000  4640.7830   6.9109 
231.6000  4688.7311   6.9336 
232.6000  4723.6153   6.9566 
233.6000  4748.0324   6.9798 
234.6000  4783.4458   7.0033 
235.6000  4821.9976   7.0270 
236.6000  4846.4700   7.0510 
237.6000  4871.0410   7.0753 
238.6000  4927.5917   7.0998 
239.6000  4986.0562   7.1245 
240.6000  5017.0144   7.1496 
241.6000  5051.9417   7.1749 
242.6000  5086.8075   7.2005 
243.6000  5143.8136   7.2264 
244.6000  5183.5898   7.2526 
245.6000  5251.3461   7.2791 
246.6000  5293.8791   7.3060 
247.6000  5366.9704   7.3331 
248.6000  5415.6939   7.3605 
249.6000  5485.8439   7.3883 
250.6000  5541.7177   7.4164 
251.6000  5623.0793   7.4448 
252.6000  5700.7058   7.4736 
253.6000  5794.8421   7.5027 
254.6000  5887.1632   7.5322 
255.6000  5982.0933   7.5620 
256.6000  6086.2721   7.5922 
257.6000  6204.4564   7.6227 
258.6000  6339.5258   7.6537 
259.6000  6473.4876   7.6850 
260.6000  6648.6164   7.7165 
261.6000  6812.1766   7.7480 
262.6000  7013.3962   7.7793 
263.6000  7244.8295   7.8100 
264.6000  7474.1707   7.8398 
265.6000  7764.6161   7.8686 
266.6000  8039.8009   7.8960 
267.6000  8368.1519   7.9217 
268.6000  8707.2101   7.9455 
269.6000  9013.1008   7.9671 
270.6000  9309.1460   7.9862 
271.6000  9587.0998   8.0026 
272.5000  9822.4714   8.0150 
273.6000  9918.0353   8.0276 
274.5000  10000.0000   8.0360 
275.5000  9813.6719   8.0436 
276.5000  9509.0118   8.0497 
277.5000  9042.2684   8.0545 
278.5000  8506.4212   8.0584 
279.5000  7710.0961   8.0617 
280.5000  6883.3111   8.0645 
281.5000  6022.8172   8.0673 
282.5000  5171.1290   8.0703 
283.5000  4224.7383   8.0732 
284.5000  3359.4078   8.0711 
285.5000  2599.8745   8.0620 
286.5000  1979.2750   8.0464 
287.5000  1430.6961   8.0246 
288.5000  1009.7164   7.9972 
289.5000   740.4451   7.9646 
290.5000   515.8102   7.9271 
291.4000   338.3923   7.8898 
292.4000   214.6275   7.8446 
293.4000   138.0674   7.7960 
294.5000    77.0923   7.7392 
295.4000    55.0746   7.6904 
296.5000    35.0551   7.6286 
297.5000    22.5899   7.5708 
298.6000    12.8555   7.5059 
299.3000    11.5560   7.4641 
300.4000     7.3718   7.3983 
301.4000     6.9703   7.3385 
302.7000     6.1368   7.2616 
303.5000     6.7411   7.2151 
304.5000     5.1005   7.1582 
305.3000     4.7455   7.1139 
306.5000     4.8063   7.0498 
307.6000     3.7436   6.9940 
308.5000     4.2208   6.9509 
309.6000     4.5720   6.9015 
310.5000     3.4544   6.8641 
311.7000     4.7138   6.8188 
312.5000     7.1880   6.7918 
313.2000     4.4150   6.7704 
314.9000     0.0000   6.7275 
