  0.0000  2462.0446   5.7487 
  2.0000  2500.1541   5.7490 
  3.0000  2505.0616   5.7494 
  4.0000  2532.4724   5.7499 
  5.0000  2533.9360   5.7505 
  6.0000  2555.1205   5.7513 
  7.0000  2586.2742   5.7521 
  8.0000  2589.4508   5.7531 
  9.0000  2583.4919   5.7541 
 10.0000  2596.4156   5.7552 
 11.0000  2609.9420   5.7565 
 12.0000  2599.4744   5.7578 
 13.0000  2619.3538   5.7592 
 14.0000  2620.4278   5.7606 
 14.9000  2614.9492   5.7620 
 16.0000  2607.1642   5.7637 
 17.0000  2599.3112   5.7653 
 18.0000  2623.3551   5.7670 
 18.9000  2619.1907   5.7686 
 20.0000  2618.3614   5.7706 
 20.9000  2656.4211   5.7722 
 21.9000  2655.0118   5.7741 
 23.0000  2642.9808   5.7762 
 23.9000  2653.1267   5.7779 
 25.0000  2658.7502   5.7801 
 25.9000  2669.9882   5.7819 
 27.0000  2681.5887   5.7841 
 27.9000  2696.5425   5.7860 
 29.0000  2698.5771   5.7883 
 29.9000  2707.5811   5.7902 
 30.9000  2725.6208   5.7924 
 31.9000  2727.5104   5.7945 
 32.9000  2725.9561   5.7967 
 33.9000  2749.2659   5.7989 
 34.9000  2774.8777   5.8012 
 35.9000  2779.5949   5.8034 
 36.9000  2773.1330   5.8057 
 37.9000  2797.3672   5.8080 
 38.9000  2799.8595   5.8104 
 39.9000  2793.1303   5.8127 
 40.9000  2823.4140   5.8151 
 41.9000  2829.9710   5.8175 
 42.9000  2836.7682   5.8199 
 43.9000  2847.1180   5.8223 
 44.9000  2852.0392   5.8248 
 45.9000  2868.9596   5.8273 
 46.9000  2874.3701   5.8298 
 47.9000  2877.3065   5.8324 
 48.9000  2886.7319   5.8350 
 49.9000  2892.6636   5.8376 
 50.9000  2899.5423   5.8402 
 51.9000  2916.7573   5.8429 
 52.9000  2916.9793   5.8457 
 53.9000  2930.8773   5.8484 
 54.9000  2938.5898   5.8512 
 55.9000  2951.1555   5.8541 
 56.9000  2970.6090   5.8570 
 57.9000  2965.5972   5.8599 
 58.9000  2969.9746   5.8629 
 59.9000  2988.1548   5.8660 
 60.9000  2979.4771   5.8691 
 61.9000  3000.4260   5.8722 
 62.9000  3004.9347   5.8755 
 63.9000  3011.9630   5.8787 
 64.9000  3016.9612   5.8821 
 65.9000  3033.4104   5.8855 
 66.9000  3036.7410   5.8890 
 67.9000  3051.8398   5.8926 
 68.9000  3068.9415   5.8963 
 69.9000  3085.3498   5.9000 
 70.9000  3090.4296   5.9039 
 71.9000  3093.8100   5.9078 
 72.9000  3098.5862   5.9118 
 73.9000  3111.9630   5.9160 
 74.9000  3121.5516   5.9202 
 75.9000  3129.4907   5.9245 
 76.9000  3151.4138   5.9289 
 77.9000  3159.7290   5.9335 
 78.9000  3171.8416   5.9381 
 79.9000  3152.4198   5.9429 
 80.9000  3174.1118   5.9477 
 81.9000  3185.2139   5.9527 
 82.9000  3201.0694   5.9578 
 83.9000  3205.7096   5.9630 
 84.9000  3233.3741   5.9684 
 85.9000  3237.1216   5.9738 
 86.9000  3253.3895   5.9794 
 87.9000  3265.2664   5.9851 
 88.9000  3274.1798   5.9909 
 89.9000  3296.8099   5.9969 
 90.9000  3303.6523   6.0029 
 91.9000  3315.7377   6.0092 
 92.9000  3325.3263   6.0155 
 93.9000  3332.5675   6.0220 
 94.9000  3340.4432   6.0286 
 95.9000  3346.5380   6.0354 
 96.9000  3369.4082   6.0423 
 97.9000  3395.6997   6.0493 
 98.9000  3407.8711   6.0565 
 99.9000  3415.1668   6.0639 
100.9000  3429.5088   6.0714 
101.9000  3442.8856   6.0790 
102.9000  3461.4963   6.0868 
103.9000  3485.0009   6.0948 
104.9000  3502.6464   6.1029 
105.9000  3504.4000   6.1111 
106.9000  3534.2034   6.1195 
107.9000  3545.8628   6.1280 
108.9000  3567.9536   6.1367 
109.9000  3573.3460   6.1455 
110.9000  3588.7484   6.1545 
111.9000  3609.1852   6.1636 
112.9000  3627.6645   6.1729 
113.9000  3654.6629   6.1822 
114.9000  3674.6647   6.1918 
115.9000  3697.5304   6.2014 
116.9000  3717.4053   6.2112 
117.9000  3748.6632   6.2211 
118.9000  3770.6543   6.2311 
119.9000  3778.6841   6.2413 
120.9000  3793.2753   6.2515 
121.9000  3805.7867   6.2619 
122.9000  3827.7279   6.2724 
123.9000  3850.8157   6.2830 
124.9000  3882.9346   6.2937 
125.9000  3906.4709   6.3045 
126.9000  3938.5853   6.3154 
127.9000  3973.2010   6.3264 
128.9000  4002.0845   6.3376 
129.9000  4035.3951   6.3487 
130.9000  4049.6692   6.3600 
131.9000  4086.9947   6.3714 
132.9000  4125.5710   6.3830 
133.9000  4177.1207   6.3947 
134.8000  4208.3016   6.4054 
135.8000  4246.7283   6.4175 
136.8000  4288.1276   6.4299 
137.8000  4332.9482   6.4425 
138.8000  4363.8073   6.4554 
139.8000  4424.1617   6.4686 
140.8000  4482.6808   6.4822 
141.8000  4513.9750   6.4961 
142.8000  4579.1644   6.5104 
143.8000  4620.4006   6.5252 
144.8000  4690.0943   6.5404 
145.8000  4751.9485   6.5562 
146.8000  4833.1068   6.5724 
147.8000  4896.7283   6.5892 
148.8000  4989.4870   6.6067 
149.8000  5079.3457   6.6247 
150.8000  5183.7955   6.6434 
151.8000  5290.0127   6.6629 
152.8000  5412.2712   6.6830 
153.8000  5519.1227   6.7040 
154.8000  5664.9447   6.7258 
155.8000  5801.9757   6.7484 
156.8000  5961.5280   6.7720 
157.8000  6137.0763   6.7965 
158.8000  6327.7143   6.8220 
159.8000  6553.3805   6.8480 
160.8000  6826.2643   6.8735 
161.8000  7140.5655   6.8976 
162.8000  7475.0770   6.9192 
163.8000  7862.8784   6.9373 
164.8000  8364.1925   6.9509 
165.8000  8896.4111   6.9591 
166.7000  9399.9909   6.9621 
167.7000  9754.0330   6.9621 
168.7000  10000.0000   6.9602 
169.6000  9881.4573   6.9581 
170.6000  9410.0054   6.9569 
171.6000  8464.8813   6.9584 
172.6000  7288.7439   6.9639 
173.6000  5864.7363   6.9685 
174.5000  4405.7142   6.9668 
175.5000  3113.8889   6.9587 
176.5000  2093.3750   6.9446 
177.5000  1259.1127   6.9252 
178.5000   697.9971   6.9011 
179.5000   374.4277   6.8730 
180.4000   186.2285   6.8448 
181.5000    92.0079   6.8074 
182.5000    43.0847   6.7712 
183.5000    18.3050   6.7336 
184.6000     8.7276   6.6912 
185.5000     7.0894   6.6564 
186.4000     7.0346   6.6218 
187.6000     5.3800   6.5768 
188.8000     4.3214   6.5337 
189.3000     4.8148   6.5164 
190.5000     3.6539   6.4774 
191.4000     3.3425   6.4504 
192.5000     3.4611   6.4206 
193.5000     4.5821   6.3969 
194.6000     0.0000   6.3749 
