  0.0000  2895.0139   5.0744 
  1.9000  2952.8740   5.0747 
  2.9000  2986.8783   5.0751 
  3.9000  3023.9588   5.0757 
  4.9000  3046.3409   5.0764 
  5.9000  3043.4771   5.0773 
  6.9000  3066.7731   5.0782 
  7.9000  3096.7231   5.0794 
  8.9000  3100.4556   5.0806 
  9.9000  3107.8305   5.0819 
 10.9000  3141.1270   5.0834 
 11.9000  3156.4302   5.0850 
 12.8000  3134.9812   5.0865 
 13.8000  3142.8195   5.0882 
 14.8000  3170.8260   5.0900 
 15.8000  3180.4790   5.0920 
 16.8000  3195.2675   5.0940 
 17.8000  3219.8247   5.0960 
 18.8000  3251.9113   5.0982 
 19.8000  3227.8174   5.1004 
 20.8000  3240.1925   5.1026 
 21.8000  3240.6430   5.1050 
 22.8000  3234.8383   5.1073 
 23.8000  3251.9563   5.1097 
 24.8000  3263.3726   5.1122 
 25.8000  3255.3864   5.1147 
 26.8000  3274.6152   5.1173 
 27.8000  3310.1897   5.1198 
 28.8000  3310.5179   5.1225 
 29.8000  3281.9450   5.1251 
 30.8000  3280.6515   5.1278 
 31.7000  3307.6349   5.1302 
 32.7000  3302.1777   5.1329 
 33.7000  3325.7375   5.1357 
 34.7000  3316.3097   5.1384 
 35.7000  3315.6791   5.1412 
 36.7000  3324.5148   5.1440 
 37.7000  3315.2286   5.1468 
 38.7000  3338.1320   5.1496 
 39.7000  3330.7184   5.1524 
 40.7000  3347.2251   5.1552 
 41.7000  3372.5417   5.1580 
 42.7000  3348.0295   5.1609 
 43.7000  3352.6758   5.1637 
 44.7000  3378.7968   5.1665 
 45.7000  3371.1517   5.1694 
 46.7000  3399.3899   5.1722 
 47.7000  3388.8167   5.1750 
 48.7000  3387.3237   5.1779 
 49.7000  3393.0962   5.1807 
 50.7000  3402.9101   5.1836 
 51.7000  3390.2646   5.1864 
 52.7000  3389.1835   5.1892 
 53.7000  3371.0873   5.1920 
 54.7000  3400.3617   5.1949 
 55.7000  3404.3644   5.1977 
 56.7000  3414.4615   5.2005 
 57.7000  3400.2137   5.2033 
 58.7000  3426.3862   5.2061 
 59.7000  3412.6660   5.2089 
 60.7000  3409.2296   5.2117 
 61.7000  3418.4771   5.2145 
 62.7000  3412.3957   5.2173 
 63.6000  3422.6794   5.2198 
 64.6000  3416.6624   5.2226 
 65.6000  3423.6576   5.2254 
 66.6000  3414.2169   5.2281 
 67.6000  3411.7072   5.2309 
 68.6000  3408.9721   5.2337 
 69.6000  3438.5039   5.2365 
 70.6000  3440.0033   5.2393 
 71.6000  3430.0221   5.2420 
 72.6000  3424.5457   5.2448 
 73.6000  3439.6816   5.2476 
 74.6000  3432.8730   5.2504 
 75.6000  3428.1816   5.2532 
 76.6000  3401.1532   5.2560 
 77.6000  3402.5497   5.2588 
 78.6000  3426.6822   5.2616 
 79.6000  3419.2880   5.2644 
 80.6000  3419.3009   5.2672 
 81.6000  3440.8271   5.2701 
 82.6000  3418.9212   5.2729 
 83.6000  3445.3833   5.2758 
 84.6000  3423.8120   5.2787 
 85.6000  3433.6131   5.2816 
 86.6000  3457.2887   5.2845 
 87.6000  3453.9873   5.2874 
 88.6000  3466.7100   5.2904 
 89.6000  3432.2102   5.2933 
 90.6000  3405.6837   5.2963 
 91.6000  3428.1173   5.2994 
 92.6000  3450.8147   5.3024 
 93.6000  3437.8282   5.3055 
 94.6000  3426.3218   5.3086 
 95.6000  3405.3877   5.3117 
 96.6000  3417.6470   5.3149 
 97.6000  3440.3187   5.3181 
 98.6000  3416.3277   5.3213 
 99.6000  3439.2504   5.3246 
100.6000  3450.2613   5.3279 
101.6000  3438.8900   5.3313 
102.6000  3445.8273   5.3347 
103.6000  3438.7356   5.3381 
104.6000  3456.2204   5.3416 
105.6000  3432.2037   5.3452 
106.6000  3429.1019   5.3488 
107.6000  3431.4572   5.3524 
108.6000  3438.9930   5.3561 
109.6000  3455.3323   5.3599 
110.6000  3458.0673   5.3637 
111.6000  3444.9264   5.3676 
112.6000  3464.3289   5.3716 
113.6000  3471.8390   5.3756 
114.6000  3462.5335   5.3797 
115.6000  3454.0581   5.3839 
116.6000  3456.7867   5.3881 
117.6000  3455.6798   5.3924 
118.6000  3443.9868   5.3968 
119.6000  3433.8833   5.4013 
120.6000  3431.0067   5.4059 
121.6000  3450.3514   5.4106 
122.6000  3453.5755   5.4153 
123.6000  3456.8253   5.4202 
124.6000  3452.4815   5.4251 
125.6000  3429.5910   5.4302 
126.6000  3411.9775   5.4353 
127.6000  3427.4866   5.4406 
128.6000  3443.1888   5.4459 
129.6000  3442.3394   5.4514 
130.6000  3415.7357   5.4570 
131.6000  3418.2004   5.4626 
132.6000  3447.6099   5.4684 
133.6000  3456.9991   5.4743 
134.6000  3442.6676   5.4803 
135.6000  3446.3293   5.4864 
136.6000  3434.9066   5.4927 
137.6000  3437.8025   5.4990 
138.6000  3425.5753   5.5055 
139.6000  3430.5498   5.5121 
140.6000  3440.6726   5.5188 
141.6000  3437.1203   5.5257 
142.6000  3434.3531   5.5327 
143.6000  3453.3502   5.5398 
144.6000  3451.5162   5.5470 
145.6000  3438.5811   5.5543 
146.6000  3459.3480   5.5618 
147.6000  3482.7983   5.5694 
148.6000  3471.8325   5.5772 
149.6000  3484.6324   5.5851 
150.6000  3490.5465   5.5931 
151.6000  3500.1802   5.6013 
152.6000  3493.8864   5.6096 
153.6000  3501.3257   5.6181 
154.6000  3516.9056   5.6267 
155.6000  3525.8829   5.6355 
156.6000  3537.7433   5.6444 
157.6000  3535.4394   5.6535 
158.6000  3536.9131   5.6627 
159.6000  3531.6104   5.6721 
160.6000  3575.4222   5.6816 
161.6000  3574.8558   5.6913 
162.6000  3570.7115   5.7011 
163.6000  3589.2388   5.7112 
164.6000  3597.8879   5.7213 
165.6000  3609.5037   5.7317 
166.6000  3623.1273   5.7422 
167.6000  3625.3990   5.7529 
168.6000  3627.7929   5.7638 
169.6000  3629.9230   5.7748 
170.6000  3647.3113   5.7860 
171.6000  3673.4774   5.7974 
172.6000  3663.0393   5.8090 
173.6000  3690.5761   5.8207 
174.6000  3699.2509   5.8327 
175.6000  3719.5480   5.8448 
176.6000  3714.5735   5.8571 
177.6000  3723.1132   5.8696 
178.6000  3719.7153   5.8822 
179.6000  3716.9545   5.8951 
180.6000  3737.7729   5.9081 
181.6000  3760.2322   5.9213 
182.6000  3760.5926   5.9347 
183.6000  3781.8678   5.9483 
184.6000  3771.1401   5.9621 
185.6000  3806.0003   5.9760 
186.6000  3823.0153   5.9902 
187.6000  3817.9057   6.0045 
188.6000  3837.5463   6.0190 
189.6000  3843.4282   6.0336 
190.6000  3841.1823   6.0485 
191.6000  3865.2762   6.0635 
192.6000  3867.6251   6.0787 
193.6000  3868.2751   6.0941 
194.6000  3897.1118   6.1096 
195.6000  3915.5684   6.1253 
196.6000  3928.1237   6.1412 
197.6000  3937.0302   6.1573 
198.6000  3950.2741   6.1735 
199.6000  3947.2688   6.1899 
200.6000  3978.3322   6.2065 
201.6000  3972.2380   6.2232 
202.6000  4003.1469   6.2402 
203.6000  3992.6444   6.2572 
204.6000  4012.4395   6.2745 
205.6000  4015.4641   6.2918 
206.6000  4034.4033   6.3094 
207.6000  4053.7479   6.3271 
208.6000  4066.7087   6.3450 
209.6000  4073.0346   6.3630 
210.6000  4083.8782   6.3812 
211.6000  4107.8112   6.3995 
212.6000  4121.5957   6.4180 
213.6000  4146.4876   6.4366 
214.6000  4143.2506   6.4553 
215.6000  4157.8653   6.4742 
216.6000  4196.1298   6.4933 
217.6000  4213.7755   6.5125 
218.6000  4222.7978   6.5318 
219.6000  4234.0404   6.5513 
220.6000  4222.9137   6.5709 
221.6000  4236.9556   6.5906 
222.6000  4277.6076   6.6105 
223.6000  4277.0349   6.6304 
224.6000  4308.6838   6.6505 
225.6000  4319.2571   6.6708 
226.6000  4363.3456   6.6912 
227.6000  4372.6061   6.7117 
228.6000  4372.3358   6.7324 
229.6000  4384.4406   6.7532 
230.6000  4406.9708   6.7742 
231.6000  4429.9642   6.7953 
232.6000  4439.3276   6.8166 
233.6000  4472.6756   6.8381 
234.6000  4507.5808   6.8598 
235.6000  4527.5497   6.8816 
236.6000  4549.9060   6.9037 
237.6000  4577.1211   6.9259 
238.6000  4581.3041   6.9484 
239.6000  4614.0084   6.9710 
240.6000  4617.5607   6.9939 
241.6000  4669.8672   7.0170 
242.6000  4699.5341   7.0403 
243.6000  4717.2956   7.0639 
244.6000  4768.0833   7.0877 
245.6000  4796.8621   7.1117 
246.6000  4828.7557   7.1360 
247.6000  4849.8957   7.1606 
248.6000  4897.1183   7.1854 
249.6000  4917.5826   7.2105 
250.6000  4964.7086   7.2358 
251.6000  4996.5571   7.2615 
252.6000  5045.6008   7.2874 
253.6000  5097.9072   7.3137 
254.6000  5128.1533   7.3402 
255.6000  5178.0915   7.3671 
256.6000  5224.4646   7.3943 
257.6000  5285.7097   7.4218 
258.6000  5327.5651   7.4496 
259.6000  5378.7132   7.4778 
260.6000  5426.7208   7.5063 
261.6000  5474.1042   7.5352 
262.6000  5560.6402   7.5644 
263.6000  5622.3486   7.5941 
264.6000  5677.2292   7.6241 
265.6000  5741.2801   7.6544 
266.6000  5829.1804   7.6852 
267.6000  5907.6465   7.7164 
268.5000  6013.9904   7.7448 
269.6000  6138.5271   7.7799 
270.6000  6240.2569   7.8123 
271.5000  6344.9212   7.8419 
272.5000  6484.9542   7.8751 
273.5000  6612.2452   7.9088 
274.5000  6770.2971   7.9426 
275.5000  6943.6007   7.9762 
276.5000  7163.4962   8.0091 
277.5000  7385.8371   8.0410 
278.5000  7645.4386   8.0715 
279.5000  7890.3676   8.1000 
280.5000  8164.7060   8.1263 
281.5000  8470.2559   8.1499 
282.5000  8795.1117   8.1703 
283.5000  9104.9089   8.1872 
284.5000  9409.4934   8.2001 
285.5000  9685.3763   8.2086 
286.5000  9884.2283   8.2127 
287.5000  9999.7426   8.2130 
288.5000  10000.0000   8.2106 
289.5000  9967.1154   8.2062 
290.5000  9615.5529   8.2006 
291.5000  9209.2901   8.1949 
292.5000  8677.9242   8.1897 
293.5000  8004.9166   8.1860 
294.5000  7165.8129   8.1846 
295.5000  6343.2094   8.1864 
296.5000  5533.8113   8.1922 
297.5000  4699.7979   8.2030 
298.5000  3886.6351   8.2185 
299.5000  3064.2054   8.2293 
300.5000  2422.2933   8.2300 
301.5000  1852.8110   8.2211 
302.5000  1400.8443   8.2034 
303.5000   994.3369   8.1775 
304.5000   700.2999   8.1440 
305.5000   488.7710   8.1037 
306.5000   326.7993   8.0573 
307.5000   211.6023   8.0055 
308.4000   139.5387   7.9548 
309.4000    86.8610   7.8946 
310.4000    57.4607   7.8310 
311.4000    32.0733   7.7648 
312.4000    22.3504   7.6964 
313.5000    14.4128   7.6198 
314.4000    10.4218   7.5564 
315.4000     6.3546   7.4860 
316.6000     5.4068   7.4023 
317.5000     7.3296   7.3407 
318.6000     5.7690   7.2674 
319.6000     4.4015   7.2033 
320.5000     7.2528   7.1482 
321.5000     5.8385   7.0902 
322.5000     4.5276   7.0361 
323.6000     3.4259   6.9818 
324.3000     4.0729   6.9503 
325.5000     5.0026   6.9024 
326.5000     4.5793   6.8688 
327.5000     3.8516   6.8415 
328.3000     5.0748   6.8244 
329.3000     3.5352   6.8095 
330.5000     0.0000   6.8017 
