5.00
10.00
15.00
20.00
25.00
30.00
35.00
40.00
45.00
50.00
55.00
60.00
65.00
70.00
75.00
80.00
85.00
90.00
95.00
100.00
105.00
110.00
115.00
120.00
125.00
130.00
135.00
139.00
144.00
149.00
154.00
159.00
164.00
169.00
174.00
178.00
183.00
188.00
193.00
198.00
202.00
207.00
212.00
217.00
222.00
226.00
231.00
236.00
241.00
245.00
250.00
255.00
260.00
264.00
269.00
274.00
278.00
283.00
288.00
293.00
297.00
302.00
306.00
311.00
316.00
320.00
325.00
330.00
334.00
339.00
344.00
348.00
353.00
357.00
362.00
367.00
371.00
376.00
380.00
385.00
